269.997084    247.918780
242.002916    247.918780
256.000000    272.162441
270.199941    231.404982
227.600119    256.000000
241.800059    280.595018
270.408763    214.405483
212.773710    264.318903
227.182474    289.275613
270.623819    196.898538
197.504723    272.886132
212.128542    298.215330
270.845392    178.861078
181.773038    281.712974
196.618430    307.425948
271.073783    160.268620
165.557302    290.811411
180.631085    316.919969
271.309311    141.095148
148.834824    300.194174
164.144135    326.710678
271.552316    121.312994
131.581473    309.874802
147.133789    336.812204
271.803160    100.892706
113.771563    319.867709
129.574723    347.239585
272.062228    79.802900
95.377722    330.188252
111.439950    358.008847
284.399881    256.000000
241.800059    231.404982
270.199941    280.595018
284.817526    239.362193
227.182474    239.362193
256.000000    289.275613
285.247639    222.227736
212.128542    247.556934
241.376181    298.215330
285.690785    204.574052
196.618430    256.000000
226.309215    307.425948
286.147566    186.377178
180.631085    264.702853
210.778651    316.919969
286.618622    167.611652
164.144135    273.677670
194.762756    326.710678
287.104632    148.250395
147.133789    282.937401
178.238421    336.812204
287.606319    128.264581
129.574723    292.495834
161.181042    347.239585
288.124456    107.623495
111.439950    302.367658
143.564405    358.008847
288.659863    86.294373
92.700684    312.568542
125.360547    369.137085
299.226290    264.318903
241.591237    214.405483
284.817526    289.275613
299.871458    247.556934
226.752361    222.227736
270.623819    298.215330
300.536177    230.287026
211.463823    230.287026
256.000000    307.425948
301.221349    212.485737
195.704868    238.594295
240.926217    316.919969
301.927933    194.128157
179.453446    247.161165
225.381378    326.710678
302.656947    175.187796
162.686105    256.000000
209.343053    336.812204
303.409479    155.636457
145.377883    265.123958
192.787361    347.239585
304.186683    135.444090
127.502177    274.547063
175.688861    358.008847
304.989795    114.578644
109.030615    284.284271
158.020410    369.137085
305.820130    93.005895
89.932899    294.351554
139.753029    380.642551
314.495277    272.886132
241.376181    196.898538
299.871458    298.215330
315.381570    256.000000
226.309215    204.574052
285.690785    307.425948
316.295132    238.594295
210.778651    212.485737
271.073783    316.919969
317.237244    220.644661
194.762756    220.644661
256.000000    326.710678
318.209263    202.125198
178.238421    229.062599
240.447684    336.812204
319.212639    183.008332
161.181042    237.752083
224.393681    347.239585
320.248911    163.264684
143.564405    246.726468
207.813317    358.008847
321.319726    142.862915
125.360547    256.000000
190.680274    369.137085
322.426840    121.769560
106.539609    265.587889
172.966449    380.642551
323.572131    99.948848
87.069673    275.506394
154.641804    392.544758
330.226962    281.712974
241.154608    178.861078
315.381570    307.425948
331.368915    264.702853
225.852434    186.377178
301.221349    316.919969
332.546554    247.161165
210.072067    194.128157
286.618622    326.710678
333.761579    229.062599
193.790737    202.125198
271.552316    336.812204
335.015798    210.380208
176.984202    210.380208
256.000000    347.239585
336.311139    191.085279
159.626633    218.905874
239.937772    358.008847
337.649658    171.147186
141.690479    227.715729
223.340137    369.137085
339.033551    150.533226
123.146319    236.824223
206.179870    380.642551
340.465164    129.208439
103.962706    246.246803
188.427869    392.544758
341.947009    107.135414
84.105983    256.000000
170.052991    404.864586
346.442698    290.811411
240.926217    160.268620
331.368915    316.919969
347.855865    273.677670
225.381378    167.611652
317.237244    326.710678
349.313895    256.000000
209.343053    175.187796
302.656947    336.812204
350.818958    237.752083
192.787361    183.008332
287.606319    347.239585
352.373367    218.905874
175.688861    191.085279
272.062228    358.008847
353.979590    199.431458
158.020410    199.431458
256.000000    369.137085
355.640261    179.296892
139.753029    208.060557
239.393290    380.642551
357.358196    158.468030
120.855738    216.987212
222.213935    392.544758
359.136410    136.908332
101.295385    226.227083
204.431795    404.864586
360.978132    114.578644
81.036447    235.796949
186.014579    417.624407
363.165176    300.194174
240.690689    141.095148
347.855865    326.710678
364.866211    282.937401
224.895368    148.250395
333.761579    336.812204
366.622117    265.123958
208.590521    155.636457
319.212639    347.239585
368.435595    246.726468
191.751089    163.264684
304.186683    358.008847
370.309521    227.715729
174.350342    171.147186
288.659863    369.137085
372.246971    208.060557
156.359739    179.296892
272.606710    380.642551
374.251229    187.727621
137.748771    187.727621
256.000000    392.544758
376.325812    166.681249
118.484786    196.454166
238.810598    404.864586
378.474487    144.883220
98.532802    205.492373
221.007289    417.624407
380.701296    122.292536
77.855291    214.859242
202.556587    430.848222
380.418527    309.874802
240.447684    121.312994
364.866211    336.812204
382.425277    292.495834
224.393681    128.264581
350.818958    347.239585
384.497823    274.547063
207.813317    135.444090
336.311139    358.008847
386.639453    256.000000
190.680274    142.862915
321.319726    369.137085
388.853681    236.824223
172.966449    150.533226
305.820130    380.642551
391.144262    216.987212
154.641804    158.468030
289.786065    392.544758
393.515214    196.454166
135.674188    166.681249
273.189402    404.864586
395.970842    175.187796
116.029158    175.187796
256.000000    417.624407
398.515767    153.148105
95.669762    184.003673
238.185529    430.848222
401.154948    130.292128
74.556315    193.146064
219.711263    444.561808
398.228437    319.867709
240.196840    100.892706
382.425277    347.239585
400.560050    302.367658
223.875544    107.623495
368.435595    358.008847
402.969385    284.284271
207.010205    114.578644
353.979590    369.137085
405.460391    265.587889
189.573160    121.769560
339.033551    380.642551
408.037294    246.246803
171.534836    129.208439
323.572131    392.544758
410.704615    226.227083
152.863590    136.908332
307.568205    404.864586
413.467198    205.492373
133.525513    144.883220
290.992711    417.624407
416.330238    184.003673
113.484233    153.148105
273.814471    430.848222
419.299316    161.719096
92.700684    161.719096
256.000000    444.561808
422.380435    138.593591
71.132850    170.613521
237.513285    458.792888
416.622278    330.188252
239.937772    79.802900
400.560050    358.008847
419.299316    312.568542
223.340137    86.294373
386.639453    369.137085
422.067101    294.351554
206.179870    93.005895
372.246971    380.642551
424.930327    275.506394
188.427869    99.948848
357.358196    392.544758
427.894017    256.000000
170.052991    107.135414
341.947009    404.864586
430.963553    235.796949
151.021868    114.578644
325.985421    417.624407
434.144709    214.859242
131.298704    122.292536
309.443413    430.848222
437.443685    193.146064
110.845052    130.292128
292.288737    444.561808
440.867150    170.613521
89.619565    138.593591
274.486715    458.792888
444.422288    147.214341
67.577712    147.214341
256.000000    473.571317
